# Radial distribution function (50 data points):
# "Pair separation distance" 1-1 1-2 1-3 1-4 1-5 2-2 2-3 2-4 2-5 3-3 3-4 3-5 4-4 4-5 5-5
0.1 0.0 0.0 0.0 0.0 0.0 0.0 0.0 0.0 0.0 0.0 0.0 0.0 0.0 0.0 0.0 
0.3 0.0 0.0 0.0 0.0 0.0 0.0 0.0 0.0 0.0 0.0 0.0 0.0 0.0 0.0 0.0 
0.5 0.0 0.0 0.0 0.0 0.0 0.0 0.0 0.0 0.0 0.0 0.0 0.0 0.0 0.0 0.0 
0.7 0.0 0.0 0.0 0.0 0.0 0.0 0.0 0.0 0.0 0.0 0.0 0.0 0.0 0.0 0.0 
0.9 0.0 0.0 0.0 0.0 0.0 0.0 0.0 0.0 0.0 0.0 0.0 0.0 0.0 0.0 0.0 
1.1 0.0 0.0 0.0 0.0 0.0 0.0 0.0 0.0 0.0 0.0 0.0 0.0 0.0 0.0 0.0 
1.3 0.0 0.0 0.0 0.0 0.0 0.0 0.0 0.0 0.0 0.0 0.0 0.0 0.0 0.0 0.0 
1.5 0.0 0.0 0.0 0.0 0.0 0.0 0.0 0.0 0.0 0.0 0.0 0.0 0.0 0.0 0.0 
1.7 0.0 0.0 0.0 0.0 0.0 0.0 0.0 0.0 0.0 0.0 0.0 0.0 0.0 0.0 0.0 
1.9 0.0 0.0 0.0 0.0 0.0 0.0 0.0 0.0 0.0 0.0 0.0 0.0 0.0 0.0 0.0 
2.1 0.0 0.0 0.0 0.0 0.0 0.0 0.0 0.0 0.0 0.0 0.0 0.0 0.0 0.0 0.0 
2.3 0.0 0.0 0.0 0.0 0.0 0.0 0.0 0.0 0.0 0.0 4.5063551012 0.0 0.0 0.0 0.0 
2.5 0.0 0.0 0.0 0.0 0.0 0.0 0.0 0.0 0.0 0.0 31.2190632524 0.0 0.0 0.0 0.0 
2.7 0.0 0.0 0.0 0.0 0.0 0.0 0.0 0.0 0.0 0.3940031569 17.3858674583 0.0 0.1504112344 0.0 0.0 
2.9 0.0 0.0 0.0 0.0 0.0 0.0 0.0 0.0 0.0 1.0246579723 8.0579898791 0.0 16.2985232182 0.0 0.0 
3.1 0.0 0.0 0.0 0.0 0.0 0.0 0.0 0.0 0.0 2.9891779034 4.5708302892 0.0 20.0837591625 0.0 0.0 
3.3 0.0 0.0 0.0 0.0 0.0 0.0 0.0 0.0 0.0 2.1103522824 3.8032441011 0.0 5.9918717745 0.0 0.0 
3.5 0.0 0.0 0.0 0.0 0.0 0.0 0.0 0.0 0.0 3.9867631732 2.6639137137 0.0 1.8800585956 0.0 0.0 
3.7 0.0 0.0 0.0 0.0 0.0 0.0 0.0 0.0 0.0 3.5675125182 1.741989265 0.0 1.0815109642 0.0 0.0 
3.9 0.0 0.0 0.0 0.0 0.0 0.0 0.0 0.0 0.0 3.5888473356 1.1140647707 0.0 1.1897779105 0.0 0.0 
4.1 0.0 0.0 0.0 0.0 0.0 0.0 0.0 0.0 0.0 2.221852854 1.120052783 0.0 1.1418013807 0.0 0.0 
4.3 0.0 0.0 0.0 0.0 0.0 0.0 0.0 0.0 0.0 2.7969394975 1.3577376202 0.0 1.5719437981 0.0 0.0 
4.5 0.0 0.0 0.0 0.0 0.0 0.0 0.0 0.0 0.0 3.8308312209 1.9526081466 0.0 2.3561291089 0.0 0.0 
4.7 0.0 0.0 0.0 0.0 0.0 0.0 0.0 0.0 0.0 2.6013244036 2.6707772396 0.0 2.308862373 0.0 0.0 
4.9 0.0 0.0 0.0 0.0 0.0 0.0 0.0 0.0 0.0 2.9916675019 3.5551466236 0.0 3.4490607235 0.0 0.0 
5.1 0.0 0.0 0.0 0.0 0.0 0.0 0.0 0.0 0.0 4.1977189235 3.3542069324 0.0 4.4490039565 0.0 0.0 
5.3 0.0 0.0 0.0 0.0 0.0 0.0 0.0 0.0 0.0 3.9892118399 4.312460148 0.0 4.5686609345 0.0 0.0 
5.5 0.0 0.0 0.0 0.0 0.0 0.0 0.0 0.0 0.0 3.5144248096 3.9215669123 0.0 3.2634398715 0.0 0.0 
5.7 0.0 0.0 0.0 0.0 0.0 0.0 0.0 0.0 0.0 2.8299676893 3.4387198409 0.0 2.7008599165 0.0 0.0 
5.9 0.0 0.0 0.0 0.0 0.0 0.0 0.0 0.0 0.0 2.5588324519 2.7587788023 0.0 3.3243993563 0.0 0.0 
6.1 0.0 0.0 0.0 0.0 0.0 0.0 0.0 0.0 0.0 1.4671711967 2.1085431735 0.0 2.2845962929 0.0 0.0 
6.3 0.0 0.0 0.0 0.0 0.0 0.0 0.0 0.0 0.0 1.7374784831 1.7712159293 0.0 1.602938133 0.0 0.0 
6.5 0.0 0.0 0.0 0.0 0.0 0.0 0.0 0.0 0.0 1.7002187349 1.3816340593 0.0 0.7529105115 0.0 0.0 
6.7 0.0 0.0 0.0 0.0 0.0 0.0 0.0 0.0 0.0 1.4082073034 1.1745418373 0.0 0.7819418612 0.0 0.0 
6.9 0.0 0.0 0.0 0.0 0.0 0.0 0.0 0.0 0.0 1.3277608486 1.3183856617 0.0 0.887030353 0.0 0.0 
7.1 0.0 0.0 0.0 0.0 0.0 0.0 0.0 0.0 0.0 2.1660274054 1.5564517316 0.0 1.6428876919 0.0 0.0 
7.3 0.0 0.0 0.0 0.0 0.0 0.0 0.0 0.0 0.0 2.4264167395 1.8845955258 0.0 2.1407541409 0.0 0.0 
7.5 0.0 0.0 0.0 0.0 0.0 0.0 0.0 0.0 0.0 2.3498239949 2.1983104384 0.0 2.8666548815 0.0 0.0 
7.7 0.0 0.0 0.0 0.0 0.0 0.0 0.0 0.0 0.0 2.3262754414 2.4773139562 0.0 3.246964894 0.0 0.0 
7.9 0.0 0.0 0.0 0.0 0.0 0.0 0.0 0.0 0.0 2.5322762179 2.4339353939 0.0 2.6276659492 0.0 0.0 
8.1 0.0 0.0 0.0 0.0 0.0 0.0 0.0 0.0 0.0 1.7518368367 1.8655786702 0.0 1.889264135 0.0 0.0 
8.3 0.0 0.0 0.0 0.0 0.0 0.0 0.0 0.0 0.0 1.6267213754 2.031883122 0.0 1.6082387199 0.0 0.0 
8.5 0.0 0.0 0.0 0.0 0.0 0.0 0.0 0.0 0.0 1.391989378 1.7115098247 0.0 1.5865901041 0.0 0.0 
8.7 0.0 0.0 0.0 0.0 0.0 0.0 0.0 0.0 0.0 1.2528009487 1.268834147 0.0 1.5869484763 0.0 0.0 
8.9 0.0 0.0 0.0 0.0 0.0 0.0 0.0 0.0 0.0 1.5961737049 1.4264129534 0.0 1.2671532547 0.0 0.0 
9.1 0.0 0.0 0.0 0.0 0.0 0.0 0.0 0.0 0.0 1.1450895163 1.1824843195 0.0 0.8941488973 0.0 0.0 
9.3 0.0 0.0 0.0 0.0 0.0 0.0 0.0 0.0 0.0 1.0631464866 1.0741134103 0.0 0.7356168987 0.0 0.0 
9.5 0.0 0.0 0.0 0.0 0.0 0.0 0.0 0.0 0.0 1.2417298488 1.2449755952 0.0 0.7900533961 0.0 0.0 
9.7 0.0 0.0 0.0 0.0 0.0 0.0 0.0 0.0 0.0 1.2215940305 1.327593998 0.0 1.1600335905 0.0 0.0 
9.9 0.0 0.0 0.0 0.0 0.0 0.0 0.0 0.0 0.0 1.8177422206 1.460228248 0.0 1.7851793988 0.0 0.0 
