# Radial distribution function (50 data points):
# "Pair separation distance" 1-1 1-2 1-3 1-4 1-5 2-2 2-3 2-4 2-5 3-3 3-4 3-5 4-4 4-5 5-5
0.1 0.0 0.0 0.0 0.0 0.0 0.0 0.0 0.0 0.0 0.0 0.0 0.0 0.0 0.0 0.0 
0.3 0.0 0.0 0.0 0.0 0.0 0.0 0.0 0.0 0.0 0.0 0.0 0.0 0.0 0.0 0.0 
0.5 0.0 0.0 0.0 0.0 0.0 0.0 0.0 0.0 0.0 0.0 0.0 0.0 0.0 0.0 0.0 
0.7 0.0 0.0 0.0 0.0 0.0 0.0 0.0 0.0 0.0 0.0 0.0 0.0 0.0 0.0 0.0 
0.9 0.0 0.0 0.0 0.0 0.0 0.0 0.0 0.0 0.0 0.0 0.0 0.0 0.0 25.1208336796 0.0 
1.1 0.0 0.0 0.0 0.0 0.0 0.0 0.0 0.0 0.0 0.0 0.0 0.0 0.0 99.5662455028 0.0 
1.3 0.0 0.0 0.0 0.0 0.0 0.0 0.0 0.0 0.0 0.0 0.0 0.0 0.0 0.0 0.0 
1.5 0.0 0.0 0.0 0.0 0.0 0.0 0.0 0.0 0.0 0.0 0.0 0.0 0.0 0.0 0.0 
1.7 0.0 0.0 0.0 0.0 0.0 0.0 0.0 0.0 0.0 0.0 0.0 0.0 0.0 0.0 24.4076018323 
1.9 0.0 0.0 0.0 0.0 0.0 0.0 0.0 0.0 0.0 0.0 0.0 0.0 0.0 0.1138490939 0.0 
2.1 0.0 0.0 0.0 0.0 0.0 0.0 0.0 0.0 0.0 0.0 0.0 0.0 0.0 0.434988381 0.869976762 
2.3 0.0 0.0 0.0 0.0 0.0 0.0 0.0 0.0 0.0 0.0 0.0 0.0 0.0 1.3988813102 1.0621135874 
2.5 0.0 0.0 0.0 0.0 0.0 0.0 0.0 0.0 0.0 0.0 20.8796307283 0.1505742601 0.0 7.1705509281 3.6181678995 
2.7 0.0 0.0 0.0 0.0 0.0 0.0 0.0 0.0 0.0 0.0 33.9110484088 6.0678398803 0.0 8.3102206995 7.5769659319 
2.9 0.0 0.0 0.0 0.0 0.0 0.0 0.0 0.0 0.0 0.0 11.2662636272 16.63825688 11.4089662527 5.8511698353 9.8280095006 
3.1 0.0 0.0 0.0 0.0 0.0 0.0 0.0 0.0 0.0 0.0 6.2032696782 21.515551147 25.3899796231 5.5629730635 7.2318649825 
3.3 0.0 0.0 0.0 0.0 0.0 0.0 0.0 0.0 0.0 0.5275880706 3.515119548 13.7147287282 5.8408161835 4.5946075581 5.2114178879 
3.5 0.0 0.0 0.0 0.0 0.0 0.0 0.0 0.0 0.0 3.2832167309 2.2028517248 4.4313180045 1.0743191975 4.6218107141 4.2748951399 
3.7 0.0 0.0 0.0 0.0 0.0 0.0 0.0 0.0 0.0 5.6660492936 0.9168364553 1.1002037463 0.0400559616 5.0770931377 2.6937634202 
3.9 0.0 0.0 0.0 0.0 0.0 0.0 0.0 0.0 0.0 2.2666404225 0.4126165818 0.6189248726 0.2163232565 2.4787039802 1.9559227771 
4.1 0.0 0.0 0.0 0.0 0.0 0.0 0.0 0.0 0.0 1.538205822 0.2240105566 0.8213720409 0.880818208 1.3293830361 1.5006532432 
4.3 0.0 0.0 0.0 0.0 0.0 0.0 0.0 0.0 0.0 2.3307829146 0.1697172025 1.2049921379 2.4024046725 1.4162323841 1.4533065303 
4.5 0.0 0.0 0.0 0.0 0.0 0.0 0.0 0.0 0.0 3.8308312209 0.8368320628 2.1540677173 2.6269485467 1.9363589803 1.7535558598 
4.7 0.0 0.0 0.0 0.0 0.0 0.0 0.0 0.0 0.0 3.5117879448 2.0172891916 2.2445893822 1.9116387389 2.8178051541 2.0730108403 
4.9 0.0 0.0 0.0 0.0 0.0 0.0 0.0 0.0 0.0 4.1883345026 3.6074281916 2.8362750637 3.7916826497 3.2777497604 2.9294174688 
5.1 0.0 0.0 0.0 0.0 0.0 0.0 0.0 0.0 0.0 3.6453874862 4.054005501 3.2094210216 4.4279186297 3.4421796014 3.1627990212 
5.3 0.0 0.0 0.0 0.0 0.0 0.0 0.0 0.0 0.0 3.9892118399 3.8879174392 3.5862686723 5.1153383113 3.6559049572 3.4655440849 
5.5 0.0 0.0 0.0 0.0 0.0 0.0 0.0 0.0 0.0 4.4642693527 4.5232888195 3.2679724269 4.4962949341 4.1064951717 3.5761861925 
5.7 0.0 0.0 0.0 0.0 0.0 0.0 0.0 0.0 0.0 4.3333880242 4.8103440471 3.197236706 2.4982954227 3.6630412617 3.760103415 
5.9 0.0 0.0 0.0 0.0 0.0 0.0 0.0 0.0 0.0 2.8890043812 2.9030286743 2.7768100363 2.962024071 2.7729587047 3.4189320394 
6.1 0.0 0.0 0.0 0.0 0.0 0.0 0.0 0.0 0.0 1.7760493433 1.6362295027 2.3193974909 2.7709942133 2.0671911618 2.7820487115 
6.3 0.0 0.0 0.0 0.0 0.0 0.0 0.0 0.0 0.0 1.1583189887 1.3442263749 1.9293602087 1.2436588963 1.4302077307 2.0485825708 
6.5 0.0 0.0 0.0 0.0 0.0 0.0 0.0 0.0 0.0 0.9521224915 0.8022391312 1.3816340593 0.3764552558 1.3727635619 1.3922353855 
6.7 0.0 0.0 0.0 0.0 0.0 0.0 0.0 0.0 0.0 0.6400942288 0.9927675053 1.0906459918 0.1099605742 1.414215163 1.120986965 
6.9 0.0 0.0 0.0 0.0 0.0 0.0 0.0 0.0 0.0 0.8449387218 1.0547085293 1.2063228804 0.3571161161 1.5235034309 1.146227534 
7.1 0.0 0.0 0.0 0.0 0.0 0.0 0.0 0.0 0.0 1.6530209146 1.5190968901 1.4132581723 1.436166724 1.7000079593 1.395366533 
7.3 0.0 0.0 0.0 0.0 0.0 0.0 0.0 0.0 0.0 1.9411333916 1.8492593597 1.9317104139 2.3671800597 1.8783059169 1.9271933312 
7.5 0.0 0.0 0.0 0.0 0.0 0.0 0.0 0.0 0.0 3.5247359923 2.5330785255 2.3880123545 3.4614370168 2.1719298465 2.4741961775 
7.7 0.0 0.0 0.0 0.0 0.0 0.0 0.0 0.0 0.0 2.5201317282 3.0490017922 2.4614337385 3.6632424445 2.0929510178 2.5647322418 
7.9 0.0 0.0 0.0 0.0 0.0 0.0 0.0 0.0 0.0 2.4862348321 2.8261811805 2.4490217703 2.724335934 2.399173258 2.1640894314 
8.1 0.0 0.0 0.0 0.0 0.0 0.0 0.0 0.0 0.0 2.2335919668 2.1238895629 2.1047554227 1.9477811657 2.4368163511 2.0021184085 
8.3 0.0 0.0 0.0 0.0 0.0 0.0 0.0 0.0 0.0 2.1689618338 1.8769862024 2.1366663323 1.5445460973 2.0859333892 1.8092685599 
8.5 0.0 0.0 0.0 0.0 0.0 0.0 0.0 0.0 0.0 1.6703872536 1.6941340904 1.7723248946 1.7687822691 1.6833796918 1.7820671145 
8.7 0.0 0.0 0.0 0.0 0.0 0.0 0.0 0.0 0.0 0.8731642976 1.4429878535 1.4222552694 1.4275289947 1.2771674381 1.6050643265 
8.9 0.0 0.0 0.0 0.0 0.0 0.0 0.0 0.0 0.0 1.1971302787 1.0777342315 1.1530171373 1.0801962171 1.0144150373 1.341589853 
9.1 0.0 0.0 0.0 0.0 0.0 0.0 0.0 0.0 0.0 0.9021917401 0.8034829351 1.0270937519 0.7550590689 1.0663553516 1.2021335175 
9.3 0.0 0.0 0.0 0.0 0.0 0.0 0.0 0.0 0.0 0.9302531758 0.6314045047 0.8600164806 0.4882974241 1.1145230168 1.0098878545 
9.5 0.0 0.0 0.0 0.0 0.0 0.0 0.0 0.0 0.0 1.0188552606 0.8415756817 1.1406480314 0.5165733744 1.2397760985 1.0209920811 
9.7 0.0 0.0 0.0 0.0 0.0 0.0 0.0 0.0 0.0 1.1299744782 1.2141814454 1.2041744555 1.0842525016 1.4398406877 1.1512896187 
9.9 0.0 0.0 0.0 0.0 0.0 0.0 0.0 0.0 0.0 1.5831948373 1.780453741 1.5402846213 1.6620635782 1.6172941888 1.5081688024 
