# Radial distribution function (50 data points):
# "Pair separation distance" 1-1 1-2 1-3 1-4 1-5 2-2 2-3 2-4 2-5 3-3 3-4 3-5 4-4 4-5 5-5
0.1 0.0 0.0 0.0 0.0 0.0 0.0 0.0 0.0 0.0 0.0 0.0 0.0 0.0 0.0 0.0 
0.3 0.0 0.0 0.0 0.0 0.0 0.0 0.0 0.0 0.0 0.0 0.0 0.0 0.0 0.0 0.0 
0.5 0.0 0.0 0.0 0.0 0.0 0.0 0.0 0.0 0.0 0.0 0.0 0.0 0.0 0.0 0.0 
0.7 0.0 0.0 0.0 0.0 0.0 0.0 0.0 0.0 0.0 0.0 0.0 0.0 0.0 0.0 0.0 
0.9 0.0 0.0 0.0 0.0 0.0 0.0 0.0 0.0 0.0 0.0 0.0 0.0 0.0 6.661984449 0.0 
1.1 0.0 0.0 0.0 0.0 0.0 0.0 0.0 0.0 0.0 0.0 0.0 0.0 0.0 15.4013241921 0.0 
1.3 0.0 0.0 0.0 0.0 0.0 0.0 0.0 0.0 0.0029652265 0.0 0.0 0.0 0.0 0.0 0.002358033 
1.5 0.0 0.0 0.0 0.0 0.0 0.0 0.0 0.0 0.0 0.0 0.0 0.0 0.0 0.0 0.0141761038 
1.7 0.0 0.0 0.0 0.0 0.0 0.0 0.0 0.0 0.2464280873 0.0 0.0 0.0 0.0 0.1794061062 4.3085066423 
1.9 0.0 16.7753477415 0.0 0.0 0.0 0.0 0.0 0.0 0.660990204 0.0 0.0 0.0 0.0 0.5282167973 0.521586461 
2.1 0.0 0.0 0.0 0.0 0.0 0.0 0.0 0.0 0.9875368881 0.0 0.0 0.1122545771 0.0036189751 0.8215073562 1.0341221455 
2.3 0.0 0.0 0.0 0.0 0.0069562073 0.0 0.1229941766 0.0037942949 0.6270072296 0.1017882841 4.6290397583 0.5286717538 0.0 1.4407759897 1.5071572918 
2.5 0.0 0.0 0.0035900807 0.0 0.0396122228 4.8466089957 1.2565282581 0.0021412012 0.6525310764 0.0287206459 8.1922359255 1.8649862758 0.0025541168 1.9813560932 1.9079252357 
2.7 0.0 0.0 0.0430940953 0.0 0.1817515805 0.0 0.978851593 0.5369933061 0.7609700013 0.0246251973 2.9447427794 3.4826540228 2.5643846111 1.9561371083 1.9490199008 
2.9 14.4092527352 0.0 0.098730065 0.0047744376 1.1765010034 7.2046263676 0.9579484689 2.214145446 0.6626521546 0.0640411233 1.4355142442 3.5553645472 7.4473633323 1.6591882621 1.7156652081 
3.1 0.0 0.0 0.3736472379 0.0076605112 1.4603720016 0.0 1.2902506185 2.8479691467 0.5297939915 0.0747294476 0.7131239531 2.8107112058 2.4306512722 1.425910085 1.3652684094 
3.3 0.0 0.0 0.6326935065 0.1573324266 1.1148477417 0.0 1.0407499049 0.5964496876 0.7726804428 0.1318970176 0.3638312366 1.4713040208 0.5263637657 1.3137101228 1.0853503554 
3.5 0.0 4.9468109227 0.6870570726 0.1753839525 0.8629873926 0.0 0.8317970959 0.1953263646 1.1171848502 0.454373744 0.222917921 0.6884229912 0.1759672514 1.2187361484 0.8798362569 
3.7 0.0 0.0 1.5411129445 1.4354429608 0.9213529495 0.0 0.7123548663 0.2055871134 1.2666464069 0.8131830005 0.1505846158 0.4449090921 0.1143060521 0.8080154856 0.6852531185 
3.9 0.0 0.0 1.7472019923 4.6580650612 0.9289726352 1.9921644338 0.4914005603 0.5183940144 1.1026874376 1.5465098716 0.1425803571 0.3705329033 0.0976362065 0.437263226 0.5595709471 
4.1 0.0 0.0 1.7264758054 1.2068997076 0.7426156234 0.0 1.0087799466 1.3741375424 1.1966464356 1.880029338 0.3153627741 0.4905643153 0.1766897885 0.3225063613 0.5284069616 
4.3 0.0 0.0 1.8039288599 0.5212983656 0.9805115439 0.0 1.3845093303 1.3195364879 1.2514780902 1.2333726256 0.6154216816 0.6154216816 0.2979588074 0.4434836162 0.5391327116 
4.5 0.0 5.9856737827 1.2747268241 0.586072433 1.408325776 0.0 1.2714014498 1.2237113068 1.1544602212 0.6916778593 0.9268737181 0.7444078506 0.5338810281 0.6064320688 0.6097836114 
4.7 0.0 0.0 1.2457905151 1.657847347 2.0032953411 0.0 1.436825276 0.4858998759 1.116872758 0.7316224885 0.9793753657 0.8581655432 0.7937677043 0.7724415228 0.6900284825 
4.9 0.0 0.0 1.1826435593 2.134462574 1.8737882654 2.5242194547 1.5318272506 1.2154113886 1.2110203508 0.8750627443 0.7850896824 0.8865714453 1.2377879589 0.8744662649 0.7983100471 
5.1 4.6602965022 0.0 1.1176081427 0.7844369195 1.3508889077 2.3301482511 1.3031569849 2.4727263526 1.3184613972 0.8561137278 1.0191503285 0.8626747225 1.1831451793 0.9355565474 0.8821400292 
5.3 0.0 0.0 1.3992608036 0.6896588656 1.2115499906 1.078813298 1.4252322349 3.0628336455 1.1545351725 0.5561881892 1.356440312 0.8416983805 0.6833662488 0.9711816926 0.9184510606 
5.5 0.0 0.0 1.8974628881 2.2806359953 1.1267085358 0.0 1.4340426403 1.1259340136 1.0256887093 0.4393031012 1.0595463949 0.7222972917 0.7174614223 0.8663386269 0.9871033806 
5.7 3.7309144341 0.0 1.5573113212 2.9949509727 1.1493763072 1.865457217 1.1313652566 0.3530440624 1.1457191539 0.4256006095 0.6370657958 0.722777106 1.2421192889 0.7189988088 0.986150306 
5.9 0.0 0.0 1.2768367578 1.0578768306 1.2275871202 0.0 0.8325233607 0.260863465 1.253836927 0.44366853 0.4415352123 0.7146101259 0.9235289127 0.603528209 0.8948550145 
6.1 0.0 3.8006490703 0.8204575771 0.3653847516 1.0492892977 0.8144248008 0.7975330271 0.3269752762 1.2856380014 0.3812714623 0.3166308039 0.7260920026 0.3862747021 0.6157862542 0.7972280656 
6.3 0.0 0.0 0.9134204916 0.250971513 0.9759722177 1.527080698 0.8475297874 0.7443126928 1.19827091 0.5203386082 0.3211355919 0.687135715 0.2060177879 0.7998278473 0.7301157736 
6.5 0.0 0.0 1.1083300878 0.3200585715 1.0539750582 0.0 1.1537578071 1.6769801588 0.9461137352 0.7013402281 0.3840702858 0.7497609704 0.1606498351 0.793043186 0.7009057806 
6.7 0.0 4.0505962916 0.9986470116 0.7702426127 1.0520186856 1.3501987639 1.3997060519 1.9247863315 0.9294360278 0.912134276 0.653774175 0.8726930822 0.1857124331 0.7920350654 0.7386694237 
6.9 0.0 0.0 0.6964143371 1.8717756406 1.0765662704 0.6365330773 1.3107866332 1.0156126391 1.0088634481 0.9694163014 0.8593969888 0.9898813484 0.3642953001 0.9060419942 0.85505407 
7.1 2.2043247649 0.0 0.7610486916 1.5124438067 1.1642457506 1.1021623825 1.1985737586 1.0615923954 1.05916882 1.2433282311 1.0937296683 1.0302519144 1.3344284066 0.9838716564 1.0197510526 
7.3 0.1895638078 2.2747656932 1.1394891112 0.7811184604 1.0946085083 0.0947819039 1.0476559776 1.4324692512 1.0686989421 1.2334285092 1.1823555724 1.1072335333 1.5230498063 1.1010043734 1.1541253058 
7.5 0.0 0.0 1.3596892579 1.0070796676 0.9104419118 1.0775347803 0.9506251284 1.0070796676 0.9867286131 1.4207495621 1.4024375801 1.1670318153 1.41281221 1.1162522515 1.1786448326 
7.7 6.1337340741 0.0 1.126789667 0.8111469256 0.8497622164 3.0668670371 0.7744785832 0.9531879658 0.8565932839 1.3994000702 1.5017057504 1.2124298006 1.9639641776 1.1672401279 1.2207097328 
7.9 0.0 1.9423709626 0.9046412909 1.0280364096 0.8864454183 0.9711854813 0.6249758421 0.5806303303 0.8347164368 1.3956295065 1.5090167165 1.1749906961 1.4965192792 1.315851938 1.2051739989 
8.1 0.0 0.9238202069 0.7924324441 1.5288846896 0.8360195344 0.0 0.6524907905 0.2803907586 0.8672165775 1.2344975209 1.5354148965 1.1782942068 1.3115589497 1.3711973949 1.192464626 
8.3 3.5193491294 1.7596745647 0.781425853 0.7975286698 0.7726514504 2.1629333191 0.7235846983 0.26738152 0.8101859269 1.1600817501 1.3775760233 1.2263691742 1.6339585195 1.2694591889 1.1960840653 
8.5 0.0 0.8389221698 0.7565835124 0.3138313882 0.7605801447 0.4544161753 0.783460093 0.4623152381 0.7674136449 1.1011630258 1.1096677607 1.2688535667 1.1076915558 1.2242412211 1.1402967253 
8.7 1.6015921219 0.8007960609 0.6637709572 0.2541072546 0.7184964437 0.8007960609 0.802130721 1.1538309049 0.908258753 0.9419734406 0.943902757 1.2083582709 0.8332624912 1.1943991723 1.0843595701 
8.9 0.0 1.5304222313 0.6688511974 0.4948432827 0.7484346183 0.8927463016 0.9380921455 1.5275064169 0.9492877458 1.1087058831 0.9452309606 1.1435063391 0.7817175134 1.1049799853 1.0824478903 
9.1 0.0 1.4638928475 0.720018408 0.7304104196 0.844438521 0.7319464238 1.0671507767 1.0359135712 0.9034736299 1.1906328493 1.0807002201 1.1075398725 1.1355855702 1.092721458 1.0763762003 
9.3 2.8032182753 1.4016091376 0.7374021407 0.8328536736 0.8602542498 2.1024137065 1.1028587455 0.7685706832 0.888409503 1.2168043773 1.2186290183 1.0585601152 1.2697129918 1.0705124552 1.0881011932 
9.5 0.0 0.0 0.7099152621 1.186849909 0.8349860001 0.6716086923 1.0028112751 0.8288292162 1.0194298937 1.221830332 1.206729645 1.0543677879 0.9342018891 1.0056960288 1.0753320286 
9.7 1.2883999541 2.5767999081 0.8505825623 1.004934888 0.8599649903 0.9662999656 0.8250531558 1.5103550931 1.0565904196 0.9868189278 1.111091986 1.0706782919 0.9777232872 1.009635089 1.0871654903 
9.9 0.0 1.2368709667 0.9546811461 1.0682936778 1.004155074 0.0 0.8646644258 0.792203969 0.9116356503 1.0444688163 1.1139215664 1.0748509792 1.1530681992 1.0884973577 1.0805940497 
